0.0375  0  0
0.1125  0  0
0.1875  0  0
0.2625  0  0
0.3375  0  0
0.4125  0  0
0.4875  0  0
0.5625  0  0
0.6375  0  0
0.7125  0  0
0.7875  0  0
0.8625  0  0
0.9375  0  0
1.0125  0  0
1.0875  0  0
1.1625  0  0
1.2375  0  0
1.3125  0  0
1.3875  0  0
1.4625  0  0
1.5375  0  0
1.6125  0  0
1.6875  0  0
1.7625  0  0
1.8375  0  0
1.9125  0  0
1.9875  0  0
2.0625  0  0
2.1375  0  0
2.2125  0  0
2.2875  0  0
2.3625  0  0
2.4375  0  0
2.5125  0  0
2.5875  0  0
2.6625  0  0
2.7375  0  0
2.8125  0  0
2.8875  0  0
2.9625  0  0
3.0375  0  0
3.1125  0  0
3.1875  0  0
3.2625  0  0
3.3375  0  0
3.4125  0  0
3.4875  0  0
3.5625  0  0
3.6375  0  0
3.7125  0  0
3.7875  0  0
3.8625  0  0
3.9375  0  0
4.0125  0  0
4.0875  0  0
4.1625  0  0
4.2375  0  0
4.3125  0  0
4.3875  0  0
4.4625  0  0
4.5375  0  0
4.6125  0  0
4.6875  1.08647e-05  2
4.7625  6.31515e-05  12
4.8375  0.00189746  372
4.9125  0.0199726  4038
4.9875  0.132929  27702
5.0625  0.574043  123254
5.1375  1.72051  380440
5.2125  3.89309  886162
5.2875  7.07443  1.65698e+06
5.3625  10.8093  2.60411e+06
5.4375  14.3332  3.55031e+06
5.5125  17.0997  4.35321e+06
5.5875  18.8026  4.91789e+06
5.6625  19.3565  5.19958e+06
5.7375  19.0182  5.24492e+06
5.8125  18.0391  5.10583e+06
5.8875  16.6529  4.8359e+06
5.9625  15.0891  4.49412e+06
6.0375  13.5096  4.12553e+06
6.1125  11.9991  3.75586e+06
6.1875  10.6201  3.40631e+06
6.2625  9.40626  3.09055e+06
6.3375  8.30426  2.79422e+06
6.4125  7.36184  2.53609e+06
6.4875  6.55956  2.31288e+06
6.5625  5.87254  2.11879e+06
6.6375  5.28433  1.95039e+06
6.7125  4.7739  1.80204e+06
6.7875  4.35402  1.68048e+06
6.8625  3.98823  1.5735e+06
6.9375  3.66759  1.4788e+06
7.0125  3.40864  1.40427e+06
7.0875  3.18279  1.33942e+06
7.1625  2.98692  1.28374e+06
7.2375  2.82956  1.24171e+06
7.3125  2.68766  1.20401e+06
7.3875  2.57114  1.17555e+06
7.4625  2.47173  1.15317e+06
7.5375  2.39032  1.13771e+06
7.6125  2.32577  1.12913e+06
7.6875  2.27532  1.12651e+06
7.7625  2.23337  1.12742e+06
7.8375  2.20916  1.13685e+06
7.9125  2.19337  1.15043e+06
7.9875  2.18572  1.16826e+06
8.0625  2.18897  1.19207e+06
8.1375  2.20356  1.22244e+06
8.2125  2.2256  1.25753e+06
8.2875  2.26383  1.3026e+06
8.3625  2.30939  1.35298e+06
8.4375  2.36119  1.40825e+06
8.5125  2.43685  1.47933e+06
8.5875  2.51716  1.55513e+06
8.6625  2.6173  1.64536e+06
8.7375  2.73042  1.74632e+06
8.8125  2.85525  1.85765e+06
8.8875  3.00661  1.98956e+06
8.9625  3.16574  2.13037e+06
9.0375  3.34753  2.29056e+06
9.1125  3.53044  2.45598e+06
9.1875  3.73246  2.63943e+06
9.2625  3.93012  2.82477e+06
9.3375  4.14078  3.02458e+06
9.4125  4.33217  3.21541e+06
9.4875  4.52474  3.41207e+06
9.5625  4.69043  3.59316e+06
9.6375  4.84606  3.77085e+06
9.7125  4.97916  3.93494e+06
9.7875  5.07387  4.07196e+06
9.8625  5.15107  4.19751e+06
9.9375  5.20456  4.30585e+06
10.0125  5.22893  4.39156e+06
10.0875  5.24981  4.47539e+06
10.1625  5.25694  4.54836e+06
10.2375  5.23586  4.59723e+06
10.3125  5.22396  4.65423e+06
10.3875  5.19061  4.69203e+06
10.4625  5.16751  4.73885e+06
10.5375  5.14893  4.78975e+06
10.6125  5.13888  4.84869e+06
10.6875  5.12813  4.90718e+06
10.7625  5.12288  4.97119e+06
10.8375  5.11684  5.03478e+06
10.9125  5.11156  5.09944e+06
10.9875  5.08805  5.14599e+06
11.0625  5.04614  5.17352e+06
11.1375  4.98696  5.18241e+06
11.2125  4.90932  5.17066e+06
11.2875  4.8138  5.13811e+06
11.3625  4.69017  5.07291e+06
11.4375  4.55762  4.99483e+06
11.5125  4.41592  4.90321e+06
11.5875  4.25825  4.78995e+06
11.6625  4.09648  4.66782e+06
11.7375  3.94094  4.54853e+06
11.8125  3.78229  4.42139e+06
11.8875  3.62581  4.29246e+06
11.9625  3.48571  4.17884e+06
12.0375  3.3473  4.06338e+06
12.1125  3.21933  3.95688e+06
12.1875  3.09807  3.85514e+06
12.2625  2.98613  3.76172e+06
12.3375  2.8904  3.6858e+06
12.4125  2.80428  3.61959e+06
12.4875  2.72858  3.56457e+06
12.5625  2.66298  3.52079e+06
12.6375  2.59856  3.47676e+06
12.7125  2.56055  3.46669e+06
12.7875  2.52209  3.45503e+06
12.8625  2.49633  3.45998e+06
12.9375  2.47463  3.47001e+06
13.0125  2.46771  3.50055e+06
13.0875  2.46863  3.54234e+06
13.1625  2.47812  3.59682e+06
13.2375  2.49229  3.65873e+06
13.3125  2.51713  3.73719e+06
13.3875  2.54664  3.82372e+06
13.4625  2.58201  3.92039e+06
13.5375  2.62716  4.03352e+06
13.6125  2.67569  4.15367e+06
13.6875  2.73077  4.28601e+06
13.7625  2.78812  4.4241e+06
13.8375  2.8474  4.56755e+06
13.9125  2.90947  4.71785e+06
13.9875  2.97288  4.87278e+06
14.0625  3.03931  5.03524e+06
14.1375  3.09922  5.18939e+06
14.2125  3.15778  5.34371e+06
14.2875  3.21804  5.5033e+06
14.3625  3.2696  5.65033e+06
14.4375  3.31864  5.79513e+06
14.5125  3.35956  5.92771e+06
14.5875  3.39727  6.05635e+06
14.6625  3.42469  6.16819e+06
14.7375  3.44756  6.27305e+06
14.8125  3.46233  6.36422e+06
14.8875  3.46443  6.43272e+06
14.9625  3.4645  6.49784e+06
15.0375  3.45123  6.538e+06
15.1125  3.43442  6.57122e+06
15.1875  3.40712  6.58385e+06
15.2625  3.37997  6.59605e+06
15.3375  3.34333  6.58882e+06
15.4125  3.3038  6.57474e+06
15.4875  3.26124  6.55337e+06
15.5625  3.2106  6.51425e+06
15.6375  3.16235  6.47835e+06
15.7125  3.11156  6.4356e+06
15.7875  3.05777  6.38485e+06
15.8625  3.01055  6.34612e+06
15.9375  2.95857  6.29567e+06
16.0125  2.90823  6.24693e+06
16.0875  2.86155  6.20437e+06
16.1625  2.81464  6.15969e+06
16.2375  2.76588  6.10928e+06
16.3125  2.72288  6.07001e+06
16.3875  2.68003  6.02955e+06
16.4625  2.63901  5.99173e+06
16.5375  2.59764  5.95167e+06
16.6125  2.56069  5.92034e+06
16.6875  2.51798  5.87427e+06
16.7625  2.47671  5.83005e+06
16.8375  2.44086  5.7972e+06
16.9125  2.40079  5.75293e+06
16.9875  2.36591  5.71975e+06
17.0625  2.32901  5.68035e+06
17.1375  2.28982  5.63399e+06
17.2125  2.25782  5.60397e+06
17.2875  2.22314  5.56608e+06
17.3625  2.19306  5.53854e+06
17.4375  2.15893  5.49954e+06
17.5125  2.1292  5.47056e+06
17.5875  2.10708  5.4602e+06
17.6625  2.08309  5.44418e+06
17.7375  2.06212  5.43524e+06
17.8125  2.04738  5.4421e+06
17.8875  2.03431  5.45299e+06
17.9625  2.02124  5.46349e+06
18.0375  2.01074  5.48059e+06
18.1125  2.00639  5.51431e+06
18.1875  2.00114  5.54554e+06
18.2625  2.00221  5.59434e+06
18.3375  2.00438  5.64649e+06
18.4125  2.00702  5.70027e+06
18.4875  2.01395  5.76665e+06
18.5625  2.02115  5.83433e+06
18.6375  2.03169  5.91224e+06
18.7125  2.04517  5.99945e+06
18.7875  2.05491  6.07646e+06
18.8625  2.06419  6.15273e+06
18.9375  2.07657  6.23895e+06
19.0125  2.08946  6.32749e+06
19.0875  2.09918  6.40719e+06
19.1625  2.10818  6.48531e+06
19.2375  2.1168  6.56289e+06
19.3125  2.12389  6.63632e+06
19.3875  2.12575  6.69382e+06
19.4625  2.12916  6.75653e+06
19.5375  2.13006  6.81159e+06
19.6125  2.12683  6.85358e+06
19.6875  2.12493  6.89992e+06
19.7625  2.11584  6.92286e+06
19.8375  2.10702  6.94643e+06
19.9125  2.09348  6.95409e+06
19.9875  2.08179  6.96743e+06
20.0625  2.0662  6.96726e+06
20.1375  2.04681  6.95356e+06
20.2125  2.02807  6.94133e+06
20.2875  2.00736  6.92151e+06
20.3625  1.98254  6.88656e+06
20.4375  1.9584  6.85293e+06
20.5125  1.93399  6.81727e+06
20.5875  1.90737  6.77271e+06
20.6625  1.88012  6.72466e+06
20.7375  1.85007  6.66529e+06
20.8125  1.82496  6.62248e+06
20.8875  1.79735  6.56937e+06
20.9625  1.76876  6.5114e+06
21.0375  1.74367  6.46506e+06
21.1125  1.71558  6.40634e+06
21.1875  1.68996  6.35556e+06
21.2625  1.66331  6.29971e+06
21.3375  1.63686  6.24335e+06
21.4125  1.61499  6.2033e+06
21.4875  1.59014  6.15073e+06
21.5625  1.56891  6.11104e+06
21.6375  1.54627  6.06481e+06
21.7125  1.52832  6.03607e+06
21.7875  1.50657  5.99131e+06
21.8625  1.49033  5.96761e+06
21.9375  1.47171  5.93355e+06
22.0125  1.45586  5.90987e+06
22.0875  1.44057  5.8877e+06
22.1625  1.42527  5.86479e+06
22.2375  1.40947  5.83909e+06
22.3125  1.39853  5.83295e+06
22.3875  1.38613  5.82015e+06
22.4625  1.37402  5.80802e+06
22.5375  1.36152  5.79367e+06
22.6125  1.35305  5.79602e+06
22.6875  1.34232  5.78828e+06
22.7625  1.3329  5.78572e+06
22.8375  1.3261  5.79417e+06
22.9125  1.3154  5.78526e+06
22.9875  1.30944  5.79681e+06
23.0625  1.3028  5.80509e+06
23.1375  1.29644  5.81438e+06
23.2125  1.28855  5.81655e+06
23.2875  1.28453  5.83591e+06
23.3625  1.28043  5.85483e+06
23.4375  1.27726  5.87789e+06
23.5125  1.27133  5.88808e+06
23.5875  1.26515  5.89693e+06
23.6625  1.26285  5.92367e+06
23.7375  1.2583  5.9398e+06
23.8125  1.25352  5.95473e+06
23.8875  1.24836  5.96762e+06
23.9625  1.24529  5.99035e+06
24.0375  1.23865  5.99578e+06
24.1125  1.234  6.01059e+06
24.1875  1.22789  6.01811e+06
24.2625  1.22023  6.01771e+06
24.3375  1.21507  6.02937e+06
24.4125  1.2074  6.02827e+06
24.4875  1.19844  6.02037e+06
24.5625  1.19076  6.0185e+06
24.6375  1.18191  6.01031e+06
24.7125  1.17236  5.99808e+06
24.7875  1.16208  5.98164e+06
24.8625  1.15131  5.96211e+06
24.9375  1.13922  5.93515e+06
25.0125  1.12798  5.91198e+06
25.0875  1.11669  5.88797e+06
25.1625  1.10207  5.84567e+06
25.2375  1.08965  5.81433e+06
25.3125  1.07612  5.77632e+06
25.3875  1.06369  5.74349e+06
25.4625  1.04862  5.69561e+06
25.5375  1.0352  5.6559e+06
25.6125  1.02152  5.61395e+06
25.6875  1.00764  5.57017e+06
25.7625  0.992571  5.51895e+06
25.8375  0.979107  5.47583e+06
25.9125  0.963943  5.42237e+06
25.9875  0.950315  5.37669e+06
26.0625  0.93691  5.3315e+06
26.1375  0.923643  5.28629e+06
26.2125  0.910057  5.23847e+06
26.2875  0.896897  5.1923e+06
26.3625  0.884837  5.15175e+06
26.4375  0.873291  5.1135e+06
26.5125  0.861199  5.07135e+06
26.5875  0.84899  5.02778e+06
26.6625  0.838131  4.99151e+06
26.7375  0.828012  4.95903e+06
26.8125  0.818277  4.92826e+06
26.8875  0.80744  4.89024e+06
26.9625  0.798526  4.86327e+06
27.0375  0.78924  4.83349e+06
27.1125  0.780832  4.80857e+06
27.1875  0.772083  4.78103e+06
27.2625  0.763553  4.75433e+06
27.3375  0.755247  4.72852e+06
27.4125  0.749859  4.72058e+06
27.4875  0.740958  4.69011e+06
27.5625  0.734794  4.67651e+06
27.6375  0.727868  4.65767e+06
27.7125  0.721338  4.64097e+06
27.7875  0.716105  4.63228e+06
27.8625  0.709718  4.61578e+06
27.9375  0.702891  4.59602e+06
28.0125  0.697791  4.5872e+06
28.0875  0.690898  4.56624e+06
28.1625  0.68542  4.55426e+06
28.2375  0.680314  4.54444e+06
28.3125  0.675493  4.53624e+06
28.3875  0.669153  4.5175e+06
28.4625  0.663801  4.50509e+06
28.5375  0.657946  4.48891e+06
28.6125  0.653334  4.4809e+06
28.6875  0.647421  4.46366e+06
28.7625  0.640807  4.44119e+06
28.8375  0.635144  4.42493e+06
28.9125  0.629235  4.4066e+06
28.9875  0.623791  4.39116e+06
29.0625  0.617698  4.3708e+06
29.1375  0.611311  4.34796e+06
29.2125  0.60598  4.33226e+06
29.2875  0.598494  4.30074e+06
29.3625  0.592575  4.28004e+06
29.4375  0.586172  4.25545e+06
29.5125  0.579607  4.22926e+06
29.5875  0.571954  4.19466e+06
29.6625  0.565642  4.16942e+06
29.7375  0.559178  4.14265e+06
29.8125  0.552027  4.11032e+06
29.8875  0.544506  4.07475e+06
29.9625  0.538582  4.05067e+06
30.0375  0.530682  4.01126e+06
30.1125  0.523894  3.97975e+06
30.1875  0.515747  3.9374e+06
30.2625  0.509412  3.90839e+06
30.3375  0.50234  3.87326e+06
30.4125  0.49464  3.83276e+06
30.4875  0.488105  3.80081e+06
30.5625  0.4809  3.76315e+06
30.6375  0.474797  3.73365e+06
30.7125  0.467745  3.69623e+06
30.7875  0.460727  3.65857e+06
30.8625  0.454186  3.62422e+06
30.9375  0.447889  3.59137e+06
31.0125  0.440831  3.55193e+06
31.0875  0.434522  3.51805e+06
31.1625  0.428249  3.48401e+06
31.2375  0.422101  3.45054e+06
31.3125  0.416025  3.41722e+06
31.3875  0.409708  3.38148e+06
31.4625  0.404785  3.35683e+06
31.5375  0.399505  3.32886e+06
31.6125  0.393358  3.29325e+06
31.6875  0.388183  3.26536e+06
31.7625  0.383363  3.2401e+06
31.8375  0.378719  3.21598e+06
31.9125  0.373483  3.18648e+06
31.9875  0.368364  3.15759e+06
32.0625  0.363964  3.13452e+06
32.1375  0.360018  3.11507e+06
32.2125  0.355219  3.08791e+06
32.2875  0.350501  3.0611e+06
32.3625  0.346073  3.03648e+06
32.4375  0.342366  3.0179e+06
32.5125  0.33862  2.9987e+06
32.5875  0.334453  2.97547e+06
32.6625  0.330263  2.95173e+06
32.7375  0.326665  2.933e+06
32.8125  0.322747  2.91112e+06
32.8875  0.319534  2.89532e+06
32.9625  0.315876  2.87525e+06
33.0375  0.312812  2.86034e+06
33.1125  0.308821  2.83667e+06
33.1875  0.305543  2.81929e+06
33.2625  0.301548  2.79502e+06
33.3375  0.298532  2.77956e+06
33.4125  0.295387  2.76267e+06
33.4875  0.292089  2.74409e+06
33.5625  0.28858  2.72329e+06
33.6375  0.285412  2.70545e+06
33.7125  0.282022  2.68524e+06
33.7875  0.278438  2.66293e+06
33.8625  0.275253  2.64417e+06
33.9375  0.272359  2.62796e+06
34.0125  0.268676  2.6039e+06
34.0875  0.265267  2.58222e+06
34.1625  0.261877  2.56045e+06
34.2375  0.258581  2.53933e+06
34.3125  0.255473  2.51981e+06
34.3875  0.252579  2.50217e+06
34.4625  0.248987  2.47736e+06
34.5375  0.245193  2.45024e+06
34.6125  0.242488  2.43374e+06
34.6875  0.238921  2.40834e+06
34.7625  0.236254  2.39177e+06
34.8375  0.233519  2.37429e+06
34.9125  0.229921  2.34779e+06
34.9875  0.226744  2.32531e+06
35.0625  0.223811  2.30508e+06
35.1375  0.22104  2.28629e+06
35.2125  0.217645  2.2608e+06
35.2875  0.21481  2.24086e+06
35.3625  0.212102  2.22203e+06
35.4375  0.209231  2.20125e+06
35.5125  0.206201  2.17857e+06
35.5875  0.203771  2.162e+06
35.6625  0.201308  2.14488e+06
35.7375  0.198955  2.12873e+06
35.8125  0.195879  2.10463e+06
35.8875  0.193631  2.0892e+06
35.9625  0.191354  2.07327e+06
36.0375  0.18877  2.05382e+06
36.1125  0.186686  2.03961e+06
36.1875  0.184293  2.02183e+06
36.2625  0.18218  2.00694e+06
36.3375  0.180107  1.99232e+06
36.4125  0.178134  1.97864e+06
36.4875  0.176034  1.96337e+06
36.5625  0.173786  1.94628e+06
36.6375  0.171745  1.93132e+06
36.7125  0.170084  1.92048e+06
36.7875  0.168549  1.91094e+06
36.8625  0.166401  1.89428e+06
36.9375  0.164673  1.88224e+06
37.0125  0.162828  1.86873e+06
37.0875  0.161033  1.85562e+06
37.1625  0.160093  1.85226e+06
37.2375  0.158241  1.83823e+06
37.3125  0.157215  1.83367e+06
37.3875  0.155142  1.81678e+06
37.4625  0.153697  1.80708e+06
37.5375  0.152411  1.79914e+06
37.6125  0.150715  1.78624e+06
37.6875  0.149771  1.78213e+06
37.7625  0.14858  1.77501e+06
37.8375  0.147264  1.76628e+06
37.9125  0.146023  1.75835e+06
37.9875  0.145067  1.75375e+06
38.0625  0.143743  1.74462e+06
38.1375  0.142907  1.74132e+06
38.2125  0.141611  1.73232e+06
38.2875  0.140387  1.72409e+06
38.3625  0.139641  1.72165e+06
38.4375  0.138307  1.71188e+06
38.5125  0.137208  1.70491e+06
38.5875  0.136481  1.70249e+06
38.6625  0.1356  1.69808e+06
38.7375  0.134532  1.69125e+06
38.8125  0.13369  1.68717e+06
38.8875  0.132798  1.6824e+06
38.9625  0.131808  1.6763e+06
39.0375  0.131073  1.67339e+06
39.1125  0.13033  1.67029e+06
39.1875  0.129527  1.66638e+06
39.2625  0.12836  1.65769e+06
39.3375  0.127959  1.65884e+06
39.4125  0.127208  1.65539e+06
39.4875  0.126332  1.65026e+06
39.5625  0.125866  1.65042e+06
39.6375  0.125051  1.64596e+06
39.7125  0.124326  1.64261e+06
39.7875  0.123869  1.64276e+06
39.8625  0.123298  1.64136e+06
39.9375  0.122629  1.6386e+06
40.0125  0.121993  1.63623e+06
40.0875  0.121526  1.63608e+06
40.1625  0.121349  1.63982e+06
40.2375  0.120621  1.63608e+06
40.3125  0.120069  1.63466e+06
40.3875  0.119753  1.63643e+06
40.4625  0.118944  1.63143e+06
40.5375  0.119102  1.63965e+06
40.6125  0.11852  1.63769e+06
40.6875  0.118297  1.64064e+06
40.7625  0.117941  1.64175e+06
40.8375  0.117542  1.64222e+06
40.9125  0.117428  1.64665e+06
40.9875  0.116937  1.64579e+06
41.0625  0.116862  1.65076e+06
41.1375  0.116684  1.65426e+06
41.2125  0.116357  1.65566e+06
41.2875  0.116294  1.66078e+06
41.3625  0.116183  1.66523e+06
41.4375  0.116018  1.66891e+06
41.5125  0.115952  1.67399e+06
41.5875  0.115724  1.67675e+06
41.6625  0.11545  1.67881e+06
41.7375  0.115596  1.68699e+06
41.8125  0.115534  1.69215e+06
41.8875  0.115653  1.69998e+06
41.9625  0.115503  1.70387e+06
42.0375  0.115432  1.70891e+06
42.1125  0.115569  1.71705e+06
42.1875  0.115647  1.72432e+06
42.2625  0.115541  1.72888e+06
42.3375  0.116035  1.74244e+06
42.4125  0.115998  1.74807e+06
42.4875  0.11591  1.75292e+06
42.5625  0.116085  1.76176e+06
42.6375  0.116204  1.7698e+06
42.7125  0.11625  1.77673e+06
42.7875  0.116716  1.79012e+06
42.8625  0.116694  1.79606e+06
42.9375  0.116809  1.80414e+06
43.0125  0.116981  1.81311e+06
43.0875  0.117128  1.82171e+06
43.1625  0.117407  1.83243e+06
43.2375  0.117555  1.84112e+06
43.3125  0.118006  1.85459e+06
43.3875  0.117814  1.85799e+06
43.4625  0.118218  1.87082e+06
43.5375  0.118432  1.88068e+06
43.6125  0.118669  1.89095e+06
43.6875  0.118959  1.90209e+06
43.7625  0.119218  1.91278e+06
43.8375  0.11935  1.92147e+06
43.9125  0.119791  1.93517e+06
43.9875  0.120073  1.94636e+06
44.0625  0.120494  1.95985e+06
44.1375  0.120599  1.96823e+06
44.2125  0.120908  1.97999e+06
44.2875  0.121467  1.9959e+06
44.3625  0.121545  2.00395e+06
44.4375  0.122086  2.01968e+06
44.5125  0.122448  2.03253e+06
44.5875  0.122823  2.04562e+06
44.6625  0.123007  2.05559e+06
44.7375  0.123273  2.06696e+06
44.8125  0.123811  2.08293e+06
44.8875  0.124399  2.09984e+06
44.9625  0.124547  2.10937e+06
45.0375  0.124973  2.12366e+06
45.1125  0.12532  2.13665e+06
45.1875  0.125768  2.15142e+06
45.2625  0.125883  2.16054e+06
45.3375  0.126387  2.17639e+06
45.4125  0.127013  2.19441e+06
45.4875  0.127163  2.20426e+06
45.5625  0.127961  2.22542e+06
45.6375  0.128231  2.23746e+06
45.7125  0.128296  2.24596e+06
45.7875  0.128976  2.26528e+06
45.8625  0.12952  2.2823e+06
45.9375  0.129826  2.29517e+06
46.0125  0.130425  2.3133e+06
46.0875  0.130861  2.3286e+06
46.1625  0.13107  2.33992e+06
46.2375  0.131612  2.35724e+06
46.3125  0.132032  2.37244e+06
46.3875  0.132545  2.38938e+06
46.4625  0.132923  2.40394e+06
46.5375  0.133514  2.42244e+06
46.6125  0.133897  2.43721e+06
46.6875  0.134511  2.45628e+06
46.7625  0.134693  2.4675e+06
46.8375  0.135575  2.49164e+06
46.9125  0.135923  2.50605e+06
46.9875  0.136373  2.52239e+06
47.0625  0.136903  2.54028e+06
47.1375  0.137333  2.55639e+06
47.2125  0.137941  2.57588e+06
47.2875  0.138386  2.59241e+06
47.3625  0.138822  2.60884e+06
47.4375  0.13947  2.62932e+06
47.5125  0.139812  2.6441e+06
47.5875  0.140353  2.66273e+06
47.6625  0.140873  2.68102e+06
47.7375  0.141371  2.69897e+06
47.8125  0.141916  2.7179e+06
47.8875  0.142417  2.73605e+06
47.9625  0.143114  2.75806e+06
48.0375  0.1437  2.77803e+06
48.1125  0.143923  2.79103e+06
48.1875  0.144748  2.8158e+06
48.2625  0.145295  2.83523e+06
48.3375  0.145558  2.84921e+06
48.4125  0.146044  2.8676e+06
48.4875  0.146855  2.89245e+06
48.5625  0.147233  2.90888e+06
48.6375  0.147529  2.92373e+06
48.7125  0.148126  2.94463e+06
48.7875  0.149025  2.97163e+06
48.8625  0.149343  2.98713e+06
48.9375  0.150075  3.01101e+06
49.0125  0.150333  3.02543e+06
49.0875  0.150924  3.04663e+06
49.1625  0.151205  3.06162e+06
49.2375  0.152197  3.09112e+06
49.3125  0.152654  3.10986e+06
49.3875  0.153225  3.13099e+06
49.4625  0.153693  3.15011e+06
49.5375  0.154199  3.17006e+06
49.6125  0.154744  3.19091e+06
49.6875  0.155151  3.20899e+06
49.7625  0.155973  3.23573e+06
49.8375  0.156434  3.25509e+06
49.9125  0.156753  3.27155e+06
49.9875  0.157456  3.2961e+06
50.0625  0.158195  3.32151e+06
50.1375  0.158519  3.33831e+06
50.2125  0.158897  3.35629e+06
50.2875  0.159631  3.38187e+06
50.3625  0.160278  3.40571e+06
50.4375  0.160341  3.4172e+06
50.5125  0.161172  3.44513e+06
50.5875  0.161467  3.4617e+06
50.6625  0.162091  3.48539e+06
50.7375  0.162671  3.50822e+06
50.8125  0.163406  3.5345e+06
50.8875  0.163728  3.55192e+06
50.9625  0.164137  3.57129e+06
51.0375  0.16505  3.60174e+06
51.1125  0.165258  3.61689e+06
51.1875  0.165938  3.64244e+06
51.2625  0.166288  3.66082e+06
51.3375  0.166981  3.68684e+06
51.4125  0.167774  3.71518e+06
51.4875  0.168133  3.73401e+06
51.5625  0.168512  3.75334e+06
51.6375  0.169081  3.77698e+06
51.7125  0.169634  3.80034e+06
51.7875  0.170222  3.82458e+06
51.8625  0.170445  3.84069e+06
51.9375  0.171441  3.87431e+06
52.0125  0.17201  3.89842e+06
52.0875  0.172316  3.91662e+06
52.1625  0.172924  3.94176e+06
52.2375  0.173345  3.96273e+06
52.3125  0.174008  3.98931e+06
52.3875  0.1744  4.00979e+06
52.4625  0.175039  4.03601e+06
52.5375  0.175676  4.06227e+06
52.6125  0.176299  4.08834e+06
52.6875  0.176922  4.11448e+06
52.7625  0.177319  4.13547e+06
52.8375  0.177704  4.15624e+06
52.9125  0.178266  4.18124e+06
52.9875  0.179006  4.21048e+06
53.0625  0.179457  4.23306e+06
53.1375  0.180057  4.25924e+06
53.2125  0.18047  4.28105e+06
53.2875  0.180982  4.30531e+06
53.3625  0.181346  4.32613e+06
53.4375  0.182277  4.36056e+06
53.5125  0.182782  4.38492e+06
53.5875  0.183424  4.41267e+06
53.6625  0.183783  4.4337e+06
53.7375  0.184548  4.46461e+06
53.8125  0.184901  4.48564e+06
53.8875  0.185302  4.5079e+06
53.9625  0.185969  4.53673e+06
54.0375  0.186459  4.56133e+06
54.1125  0.187042  4.58832e+06
54.1875  0.187496  4.61221e+06
54.2625  0.187798  4.63244e+06
54.3375  0.188541  4.66362e+06
54.4125  0.18905  4.68912e+06
54.4875  0.189467  4.71244e+06
54.5625  0.190061  4.74024e+06
54.6375  0.190511  4.76454e+06
54.7125  0.191034  4.79074e+06
54.7875  0.191659  4.81959e+06
54.8625  0.192077  4.84334e+06
54.9375  0.192508  4.86749e+06
55.0125  0.193182  4.89788e+06
55.0875  0.193646  4.92305e+06
55.1625  0.194076  4.94742e+06
55.2375  0.194408  4.96937e+06
55.3125  0.195175  5.00252e+06
55.3875  0.195869  5.03393e+06
55.4625  0.196119  5.05402e+06
55.5375  0.196606  5.08029e+06
55.6125  0.196982  5.10375e+06
55.6875  0.197498  5.13095e+06
55.7625  0.198254  5.16446e+06
55.8375  0.198785  5.19224e+06
55.9125  0.199021  5.21237e+06
55.9875  0.19963  5.24236e+06
56.0625  0.199984  5.26574e+06
56.1375  0.200644  5.29727e+06
56.2125  0.200953  5.31961e+06
56.2875  0.201538  5.34934e+06
56.3625  0.201929  5.37401e+06
56.4375  0.202334  5.39913e+06
56.5125  0.202985  5.43091e+06
56.5875  0.203078  5.44783e+06
56.6625  0.203913  5.48472e+06
56.7375  0.204534  5.516e+06
56.8125  0.204919  5.54102e+06
56.8875  0.205413  5.56904e+06
56.9625  0.205654  5.5903e+06
57.0375  0.206365  5.6244e+06
57.1125  0.206769  5.65022e+06
57.1875  0.207444  5.68357e+06
57.2625  0.20809  5.71623e+06
57.3375  0.20823  5.73509e+06
57.4125  0.208864  5.7676e+06
57.4875  0.209256  5.79352e+06
57.5625  0.209899  5.8265e+06
57.6375  0.210272  5.85207e+06
57.7125  0.211053  5.88911e+06
57.7875  0.211574  5.91902e+06
57.8625  0.211698  5.93784e+06
57.9375  0.212324  5.97086e+06
58.0125  0.212954  6.00409e+06
58.0875  0.213121  6.02436e+06
58.1625  0.213705  6.05647e+06
58.2375  0.214132  6.08423e+06
58.3125  0.214877  6.12114e+06
58.3875  0.215482  6.15417e+06
58.4625  0.215432  6.16855e+06
58.5375  0.216116  6.20402e+06
58.6125  0.216523  6.23164e+06
58.6875  0.216969  6.26047e+06
58.7625  0.217689  6.29732e+06
58.8375  0.217899  6.31949e+06
58.9125  0.218677  6.35823e+06
58.9875  0.219022  6.38448e+06
59.0625  0.219378  6.41113e+06
59.1375  0.219708  6.43711e+06
59.2125  0.220037  6.46309e+06
59.2875  0.220438  6.49128e+06
59.3625  0.221145  6.5286e+06
59.4375  0.221525  6.55637e+06
59.5125  0.221837  6.58216e+06
59.5875  0.222312  6.61289e+06
59.6625  0.222827  6.64493e+06
59.7375  0.223237  6.67389e+06
59.8125  0.223637  6.70266e+06
59.8875  0.22405  6.73188e+06
59.9625  0.224337  6.75738e+06
60.0375  0.224793  6.78806e+06
60.1125  0.2255  6.82644e+06
60.1875  0.225602  6.84659e+06
60.2625  0.22588  6.87213e+06
60.3375  0.226566  6.91015e+06
60.4125  0.226775  6.93375e+06
60.4875  0.227354  6.96872e+06
60.5625  0.227997  7.00577e+06
60.6375  0.228175  7.0286e+06
60.7125  0.228614  7.05956e+06
60.7875  0.228931  7.08683e+06
60.8625  0.229252  7.11429e+06
60.9375  0.229972  7.15424e+06
61.0125  0.230402  7.18525e+06
61.0875  0.230605  7.20928e+06
61.1625  0.230883  7.23571e+06
61.2375  0.231509  7.27314e+06
61.3125  0.231855  7.30185e+06
61.3875  0.232306  7.33398e+06
61.4625  0.232584  7.36068e+06
61.5375  0.233022  7.39258e+06
61.6125  0.233361  7.42138e+06
61.6875  0.23363  7.44803e+06
61.7625  0.234061  7.47993e+06
61.8375  0.234461  7.51092e+06
61.9125  0.234844  7.54143e+06
61.9875  0.235348  7.57595e+06
62.0625  0.235576  7.60165e+06
62.1375  0.236157  7.63882e+06
62.2125  0.236439  7.66642e+06
62.2875  0.236949  7.7015e+06
62.3625  0.237135  7.72612e+06
62.4375  0.237625  7.76072e+06
62.5125  0.238194  7.798e+06
62.5875  0.23858  7.8294e+06
62.6625  0.238958  7.86059e+06
62.7375  0.239168  7.88634e+06
62.8125  0.23983  7.92711e+06
62.8875  0.239968  7.95063e+06
62.9625  0.24032  7.98128e+06
63.0375  0.240859  8.01826e+06
63.1125  0.241284  8.05154e+06
63.1875  0.241473  8.07698e+06
63.2625  0.241829  8.1081e+06
63.3375  0.242184  8.13927e+06
63.4125  0.242699  8.1759e+06
63.4875  0.242905  8.20224e+06
63.5625  0.243292  8.2347e+06
63.6375  0.243657  8.26654e+06
63.7125  0.244049  8.29938e+06
63.7875  0.244453  8.3327e+06
63.8625  0.244738  8.36202e+06
63.9375  0.245241  8.3989e+06
64.0125  0.245354  8.42252e+06
64.0875  0.245749  8.45585e+06
64.1625  0.246087  8.48732e+06
64.2375  0.246124  8.50843e+06
64.3125  0.246532  8.54247e+06
64.3875  0.246883  8.57457e+06
64.4625  0.247366  8.61139e+06
64.5375  0.247619  8.64027e+06
64.6125  0.24792  8.67089e+06
64.6875  0.248385  8.70733e+06
64.7625  0.248522  8.73235e+06
64.8375  0.248755  8.76079e+06
64.9125  0.249117  8.79386e+06
64.9875  0.249653  8.83315e+06
65.0625  0.249705  8.85538e+06
65.1375  0.24999  8.88593e+06
65.2125  0.250268  8.91633e+06
65.2875  0.250681  8.9516e+06
65.3625  0.250985  8.98305e+06
65.4375  0.251227  9.01235e+06
65.5125  0.251726  9.05099e+06
65.5875  0.251812  9.07479e+06
65.6625  0.252166  9.10837e+06
65.7375  0.252475  9.14038e+06
65.8125  0.252614  9.16627e+06
65.8875  0.253268  9.21096e+06
65.9625  0.253224  9.23035e+06
66.0375  0.253557  9.2635e+06
66.1125  0.253979  9.30002e+06
66.1875  0.25428  9.33218e+06
66.2625  0.25464  9.36659e+06
66.3375  0.254819  9.39439e+06
66.4125  0.254941  9.42014e+06
66.4875  0.25548  9.46142e+06
66.5625  0.255716  9.49151e+06
66.6375  0.256006  9.52369e+06
66.7125  0.25612  9.54942e+06
66.7875  0.256592  9.58852e+06
66.8625  0.256789  9.61747e+06
66.9375  0.257228  9.65554e+06
67.0125  0.257206  9.67636e+06
67.0875  0.25751  9.70949e+06
67.1625  0.257905  9.74611e+06
67.2375  0.258291  9.78251e+06
67.3125  0.258572  9.81502e+06
67.3875  0.25874  9.8433e+06
67.4625  0.259147  9.88075e+06
67.5375  0.259325  9.90952e+06
67.6125  0.259725  9.94688e+06
67.6875  0.260022  9.98033e+06
67.7625  0.260117  1.00061e+07
67.8375  0.260573  1.00459e+07
67.9125  0.260872  1.00796e+07
67.9875  0.261115  1.01114e+07
68.0625  0.261345  1.01426e+07
68.1375  0.261253  1.01614e+07
68.2125  0.261783  1.02044e+07
68.2875  0.261893  1.02312e+07
68.3625  0.262183  1.0265e+07
68.4375  0.262411  1.02965e+07
68.5125  0.262933  1.03396e+07
68.5875  0.262973  1.03638e+07
68.6625  0.263302  1.03995e+07
68.7375  0.263393  1.04258e+07
68.8125  0.263632  1.04581e+07
68.8875  0.263816  1.04882e+07
68.9625  0.264248  1.05282e+07
69.0375  0.264394  1.0557e+07
69.1125  0.264466  1.05828e+07
69.1875  0.264845  1.0621e+07
69.2625  0.265057  1.06526e+07
69.3375  0.265449  1.06914e+07
69.4125  0.265513  1.07172e+07
69.4875  0.265741  1.07495e+07
69.5625  0.265918  1.078e+07
69.6375  0.266495  1.08267e+07
69.7125  0.266547  1.08521e+07
69.7875  0.266567  1.08763e+07
69.8625  0.2668  1.09092e+07
69.9375  0.266975  1.09398e+07
70.0125  0.267315  1.09772e+07
70.0875  0.267573  1.10114e+07
70.1625  0.267782  1.10436e+07
70.2375  0.267795  1.10677e+07
70.3125  0.268092  1.11037e+07
70.3875  0.268316  1.11367e+07
70.4625  0.268461  1.11665e+07
70.5375  0.268571  1.11948e+07
70.6125  0.269009  1.1237e+07
70.6875  0.26904  1.12621e+07
70.7625  0.26953  1.13066e+07
70.8375  0.269514  1.13299e+07
70.9125  0.269916  1.13708e+07
70.9875  0.26991  1.13947e+07
71.0625  0.270188  1.14305e+07
71.1375  0.270401  1.14637e+07
71.2125  0.27046  1.14904e+07
71.2875  0.270979  1.15367e+07
71.3625  0.271171  1.15692e+07
71.4375  0.271155  1.15928e+07
71.5125  0.271382  1.16269e+07
71.5875  0.271517  1.16571e+07
71.6625  0.272274  1.17141e+07
71.7375  0.27209  1.17307e+07
71.8125  0.272134  1.17572e+07
71.8875  0.272528  1.17988e+07
71.9625  0.272969  1.18425e+07
72.0375  0.272997  1.18684e+07
72.1125  0.273378  1.19098e+07
72.1875  0.273455  1.19379e+07
72.2625  0.273569  1.19677e+07
72.3375  0.273684  1.19976e+07
72.4125  0.273979  1.20355e+07
72.4875  0.273987  1.20608e+07
72.5625  0.274543  1.21103e+07
72.6375  0.274817  1.21474e+07
72.7125  0.274834  1.21733e+07
72.7875  0.275161  1.22129e+07
72.8625  0.275211  1.22403e+07
72.9375  0.275294  1.22692e+07
73.0125  0.275585  1.23075e+07
73.0875  0.275877  1.23458e+07
73.1625  0.276102  1.23813e+07
73.2375  0.276437  1.24217e+07
73.3125  0.276499  1.245e+07
73.3875  0.276641  1.24819e+07
73.4625  0.276712  1.25106e+07
73.5375  0.276961  1.25474e+07
73.6125  0.277058  1.25774e+07
73.6875  0.277149  1.26072e+07
73.7625  0.277442  1.26462e+07
73.8375  0.27763  1.26806e+07
73.9125  0.277771  1.27128e+07
73.9875  0.278079  1.27527e+07
74.0625  0.278207  1.27845e+07
74.1375  0.278349  1.28169e+07
74.2125  0.278635  1.28561e+07
74.2875  0.278597  1.28803e+07
74.3625  0.278977  1.2924e+07
74.4375  0.279018  1.29519e+07
74.5125  0.279523  1.30015e+07
74.5875  0.279548  1.30289e+07
74.6625  0.279655  1.30601e+07
74.7375  0.27995  1.31001e+07
74.8125  0.280019  1.31297e+07
74.8875  0.280216  1.31653e+07
74.9625  0.280188  1.31904e+07
75.0375  0  0
